#Person location Sublocation StartTime EndTime Type
10000 9910000 1 0 22500 1
10000 1 1 22500 23100 2
10000 1 3 23100 24000 2
10000 968 1 24000 24900 4
10000 968 2 24900 25200 5
10000 1 2 25200 115200 3
10000 1 1 115200 115800 2
10000 1 3 115800 116700 2
10000 9910000 1 116700 159000 1
10000 1 1 159000 159600 2
10000 1 3 159600 160500 2
10000 969 1 160500 161400 4
10000 969 2 161400 161700 5
10000 1 2 161700 251700 3
10000 1 1 251700 252300 2
10000 1 3 252300 253200 2
10000 9910000 1 253200 295500 1
10000 1 1 295500 296100 2
10000 1 3 296100 297000 2
10000 969 1 297000 297900 4
10000 969 2 297900 298200 5
10000 969 1 298200 299100 4
10000 969 2 299100 299400 5
10000 1 2 299400 389400 3
10000 1 1 389400 390000 2
10000 1 3 390000 390900 2
10000 9910000 1 390900 433200 1
10000 1 1 433200 433800 2
10000 1 3 433800 434700 2
10000 969 1 434700 435600 4
10000 969 2 435600 435900 5
10000 969 1 435900 436800 4
10000 969 2 436800 437100 5
10000 968 1 437100 438000 4
10000 968 2 438000 438300 5
10000 1 2 438300 528300 3
10000 1 1 528300 528900 2
10000 1 3 528900 529800 2
10000 9910000 1 529800 572100 1
10000 1 1 572100 572700 2
10000 1 3 572700 573600 2
10000 968 1 573600 574500 4
10000 968 2 574500 574800 5
10000 968 1 574800 575700 4
10000 968 2 575700 576000 5
10000 969 1 576000 576900 4
10000 969 2 576900 577200 5
10000 1 2 577200 667200 3
10000 1 1 667200 667800 2
10000 1 3 667800 668700 2
10000 9910000 1 668700 711000 1
10000 1 1 711000 711600 2
10000 1 3 711600 712500 2
10000 968 1 712500 713400 4
10000 968 2 713400 713700 5
10000 1 2 713700 803700 3
10000 1 1 803700 804300 2
10000 1 3 804300 805200 2
10000 9910000 1 805200 847500 1
10000 1 1 847500 848100 2
10000 1 3 848100 849000 2
10000 968 1 849000 849900 4
10000 968 2 849900 850200 5
10000 968 1 850200 851100 4
10000 968 2 851100 851400 5
10000 1 2 851400 941400 3
10000 1 1 941400 942000 2
10000 1 3 942000 942900 2
10000 9910000 1 942900 985200 1
10000 1 1 985200 985800 2
10000 1 3 985800 986700 2
10000 969 1 986700 987600 4
10000 969 2 987600 987900 5
10000 969 1 987900 988800 4
10000 969 2 988800 989100 5
10000 1 2 989100 1079100 3
10000 1 1 1079100 1079700 2
10000 1 3 1079700 1080600 2
10000 9910000 1 1080600 1122900 1
10000 1 1 1122900 1123500 2
10000 1 3 1123500 1124400 2
10000 969 1 1124400 1125300 4
10000 969 2 1125300 1125600 5
10000 1 2 1125600 1215600 3
10000 1 1 1215600 1216200 2
10000 1 3 1216200 1217100 2
10000 9910000 1 1217100 1259400 1
10000 1 1 1259400 1260000 2
10000 1 3 1260000 1260900 2
10000 968 1 1260900 1261800 4
10000 968 2 1261800 1262100 5
10000 1 2 1262100 1352100 3
10000 1 1 1352100 1352700 2
10000 1 3 1352700 1353600 2
10000 9910000 1 1353600 1395900 1
10000 1 1 1395900 1396500 2
10000 1 3 1396500 1397400 2
10000 969 1 1397400 1398300 4
10000 969 2 1398300 1398600 5
10000 968 1 1398600 1399500 4
10000 968 2 1399500 1399800 5
10000 969 1 1399800 1400700 4
10000 969 2 1400700 1401000 5
10000 969 1 1401000 1401900 4
10000 969 2 1401900 1402200 5
10000 90400 1 1402200 1402800 6
10000 969 1 1402800 1403700 4
10000 969 2 1403700 1404000 5
10000 1 2 1404000 1494000 3
10000 1 1 1494000 1494600 2
10000 1 3 1494600 1495500 2
10000 9910000 1 1495500 1537800 1
10000 1 1 1537800 1538400 2
10000 1 3 1538400 1539300 2
10000 969 1 1539300 1540200 4
10000 969 2 1540200 1540500 5
10000 969 1 1540500 1541400 4
10000 969 2 1541400 1541700 5
10000 969 1 1541700 1542600 4
10000 969 2 1542600 1542900 5
10000 968 1 1542900 1543800 4
10000 968 2 1543800 1544100 5
10000 1 2 1544100 1634100 3
10000 1 1 1634100 1634700 2
10000 1 3 1634700 1635600 2
10000 9910000 1 1635600 1677900 1
10000 1 1 1677900 1678500 2
10000 1 3 1678500 1679400 2
10000 969 1 1679400 1680300 4
10000 969 2 1680300 1680600 5
10000 1 2 1680600 1770600 3
10000 1 1 1770600 1771200 2
10000 1 3 1771200 1772100 2
10000 9910000 1 1772100 1814400 1
10000 1 1 1814400 1815000 2
10000 1 3 1815000 1815900 2
10000 969 1 1815900 1816800 4
10000 969 2 1816800 1817100 5
10000 1 2 1817100 1907100 3
10000 1 1 1907100 1907700 2
10000 1 3 1907700 1908600 2
10000 9910000 1 1908600 1950900 1
10000 1 1 1950900 1951500 2
10000 1 3 1951500 1952400 2
10000 969 1 1952400 1953300 4
10000 969 2 1953300 1953600 5
10000 969 1 1953600 1954500 4
10000 969 2 1954500 1954800 5
10000 968 1 1954800 1955700 4
10000 968 2 1955700 1956000 5
10000 969 1 1956000 1956900 4
10000 969 2 1956900 1957200 5
10000 968 1 1957200 1958100 4
10000 968 2 1958100 1958400 5
10000 968 1 1958400 1959300 4
10000 968 2 1959300 1959600 5
10000 968 1 1959600 1960500 4
10000 968 2 1960500 1960800 5
10000 1 2 1960800 2050800 3
10000 1 1 2050800 2051400 2
10000 1 3 2051400 2052300 2
10000 9910000 1 2052300 2094600 1
10000 1 1 2094600 2095200 2
10000 1 3 2095200 2096100 2
10000 968 1 2096100 2097000 4
10000 968 2 2097000 2097300 5
10000 1 2 2097300 2187300 3
10000 1 1 2187300 2187900 2
10000 1 3 2187900 2188800 2
10000 9910000 1 2188800 2231100 1
10000 1 1 2231100 2231700 2
10000 1 3 2231700 2232600 2
10000 968 1 2232600 2233500 4
10000 968 2 2233500 2233800 5
10000 969 1 2233800 2234700 4
10000 969 2 2234700 2235000 5
10000 1 2 2235000 2325000 3
10000 1 1 2325000 2325600 2
10000 1 3 2325600 2326500 2
10000 9910000 1 2326500 2368800 1
10000 1 1 2368800 2369400 2
10000 1 3 2369400 2370300 2
10000 969 1 2370300 2371200 4
10000 969 2 2371200 2371500 5
10000 90400 1 2371500 2372100 6
10000 969 1 2372100 2373000 4
10000 969 2 2373000 2373300 5
10000 968 1 2373300 2374200 4
10000 968 2 2374200 2374500 5
10000 968 1 2374500 2375400 4
10000 968 2 2375400 2375700 5
10000 968 1 2375700 2376600 4
10000 968 2 2376600 2376900 5
10000 968 1 2376900 2377800 4
10000 968 2 2377800 2378100 5
10000 1 2 2378100 2468100 3
10000 1 1 2468100 2468700 2
10000 1 3 2468700 2469600 2
10000 9910000 1 2469600 2511900 1
10000 1 1 2511900 2512500 2
10000 1 3 2512500 2513400 2
10000 968 1 2513400 2514300 4
10000 968 2 2514300 2514600 5
10000 90400 1 2514600 2515200 6
10000 968 1 2515200 2516100 4
10000 968 2 2516100 2516400 5
10000 1 2 2516400 2606400 3
10000 1 1 2606400 2607000 2
10000 1 3 2607000 2607900 2
10001 9910001 1 0 22500 1
10001 1 1 22500 23100 2
10001 1 3 23100 24000 2
10001 971 1 24000 24900 4
10001 971 2 24900 25200 5
10001 970 1 25200 26100 4
10001 970 2 26100 26400 5
10001 1 2 26400 116400 3
10001 1 1 116400 117000 2
10001 1 3 117000 117900 2
10001 9910001 1 117900 160200 1
10001 1 1 160200 160800 2
10001 1 3 160800 161700 2
10001 970 1 161700 162600 4
10001 970 2 162600 162900 5
10001 971 1 162900 163800 4
10001 971 2 163800 164100 5
10001 1 2 164100 254100 3
10001 1 1 254100 254700 2
10001 1 3 254700 255600 2
10001 9910001 1 255600 297900 1
10001 1 1 297900 298500 2
10001 1 3 298500 299400 2
10001 970 1 299400 300300 4
10001 970 2 300300 300600 5
10001 1 2 300600 390600 3
10001 1 1 390600 391200 2
10001 1 3 391200 392100 2
10001 9910001 1 392100 434400 1
10001 1 1 434400 435000 2
10001 1 3 435000 435900 2
10001 971 1 435900 436800 4
10001 971 2 436800 437100 5
10001 971 1 437100 438000 4
10001 971 2 438000 438300 5
10001 1 2 438300 528300 3
10001 1 1 528300 528900 2
10001 1 3 528900 529800 2
10001 9910001 1 529800 572100 1
10001 1 1 572100 572700 2
10001 1 3 572700 573600 2
10001 970 1 573600 574500 4
10001 970 2 574500 574800 5
10001 971 1 574800 575700 4
10001 971 2 575700 576000 5
10001 971 1 576000 576900 4
10001 971 2 576900 577200 5
10001 1 2 577200 667200 3
10001 1 1 667200 667800 2
10001 1 3 667800 668700 2
10001 9910001 1 668700 711000 1
10001 1 1 711000 711600 2
10001 1 3 711600 712500 2
10001 970 1 712500 713400 4
10001 970 2 713400 713700 5
10001 970 1 713700 714600 4
10001 970 2 714600 714900 5
10001 971 1 714900 715800 4
10001 971 2 715800 716100 5
10001 970 1 716100 717000 4
10001 970 2 717000 717300 5
10001 971 1 717300 718200 4
10001 971 2 718200 718500 5
10001 971 1 718500 719400 4
10001 971 2 719400 719700 5
10001 970 1 719700 720600 4
10001 970 2 720600 720900 5
10001 1 2 720900 810900 3
10001 1 1 810900 811500 2
10001 1 3 811500 812400 2
10001 9910001 1 812400 854700 1
10001 1 1 854700 855300 2
10001 1 3 855300 856200 2
10001 971 1 856200 857100 4
10001 971 2 857100 857400 5
10001 1 2 857400 947400 3
10001 1 1 947400 948000 2
10001 1 3 948000 948900 2
10001 9910001 1 948900 991200 1
10001 1 1 991200 991800 2
10001 1 3 991800 992700 2
10001 970 1 992700 993600 4
10001 970 2 993600 993900 5
10001 90400 1 993900 994500 6
10001 970 1 994500 995400 4
10001 970 2 995400 995700 5
10001 970 1 995700 996600 4
10001 970 2 996600 996900 5
10001 90400 1 996900 997500 6
10001 970 1 997500 998400 4
10001 970 2 998400 998700 5
10001 970 1 998700 999600 4
10001 970 2 999600 999900 5
10001 971 1 999900 1000800 4
10001 971 2 1000800 1001100 5
10001 1 2 1001100 1091100 3
10001 1 1 1091100 1091700 2
10001 1 3 1091700 1092600 2
10001 9910001 1 1092600 1134900 1
10001 1 1 1134900 1135500 2
10001 1 3 1135500 1136400 2
10001 970 1 1136400 1137300 4
10001 970 2 1137300 1137600 5
10001 970 1 1137600 1138500 4
10001 970 2 1138500 1138800 5
10001 1 2 1138800 1228800 3
10001 1 1 1228800 1229400 2
10001 1 3 1229400 1230300 2
10001 9910001 1 1230300 1272600 1
10001 1 1 1272600 1273200 2
10001 1 3 1273200 1274100 2
10001 971 1 1274100 1275000 4
10001 971 2 1275000 1275300 5
10001 1 2 1275300 1365300 3
10001 1 1 1365300 1365900 2
10001 1 3 1365900 1366800 2
10001 9910001 1 1366800 1409100 1
10001 1 1 1409100 1409700 2
10001 1 3 1409700 1410600 2
10001 971 1 1410600 1411500 4
10001 971 2 1411500 1411800 5
10001 1 2 1411800 1501800 3
10001 1 1 1501800 1502400 2
10001 1 3 1502400 1503300 2
10001 9910001 1 1503300 1545600 1
10001 1 1 1545600 1546200 2
10001 1 3 1546200 1547100 2
10001 971 1 1547100 1548000 4
10001 971 2 1548000 1548300 5
10001 1 2 1548300 1638300 3
10001 1 1 1638300 1638900 2
10001 1 3 1638900 1639800 2
10001 9910001 1 1639800 1682100 1
10001 1 1 1682100 1682700 2
10001 1 3 1682700 1683600 2
10001 970 1 1683600 1684500 4
10001 970 2 1684500 1684800 5
10001 1 2 1684800 1774800 3
10001 1 1 1774800 1775400 2
10001 1 3 1775400 1776300 2
10001 9910001 1 1776300 1818600 1
10001 1 1 1818600 1819200 2
10001 1 3 1819200 1820100 2
10001 971 1 1820100 1821000 4
10001 971 2 1821000 1821300 5
10001 1 2 1821300 1911300 3
10001 1 1 1911300 1911900 2
10001 1 3 1911900 1912800 2
10001 9910001 1 1912800 1955100 1
10001 1 1 1955100 1955700 2
10001 1 3 1955700 1956600 2
10001 971 1 1956600 1957500 4
10001 971 2 1957500 1957800 5
10001 1 2 1957800 2047800 3
10001 1 1 2047800 2048400 2
10001 1 3 2048400 2049300 2
10001 9910001 1 2049300 2091600 1
10001 1 1 2091600 2092200 2
10001 1 3 2092200 2093100 2
10001 971 1 2093100 2094000 4
10001 971 2 2094000 2094300 5
10001 1 2 2094300 2184300 3
10001 1 1 2184300 2184900 2
10001 1 3 2184900 2185800 2
10001 9910001 1 2185800 2228100 1
10001 1 1 2228100 2228700 2
10001 1 3 2228700 2229600 2
10001 971 1 2229600 2230500 4
10001 971 2 2230500 2230800 5
10001 1 2 2230800 2320800 3
10001 1 1 2320800 2321400 2
10001 1 3 2321400 2322300 2
10001 9910001 1 2322300 2364600 1
10001 1 1 2364600 2365200 2
10001 1 3 2365200 2366100 2
10001 970 1 2366100 2367000 4
10001 970 2 2367000 2367300 5
10001 970 1 2367300 2368200 4
10001 970 2 2368200 2368500 5
10001 970 1 2368500 2369400 4
10001 970 2 2369400 2369700 5
10001 1 2 2369700 2459700 3
10001 1 1 2459700 2460300 2
10001 1 3 2460300 2461200 2
10001 9910001 1 2461200 2503500 1
10001 1 1 2503500 2504100 2
10001 1 3 2504100 2505000 2
10001 971 1 2505000 2505900 4
10001 971 2 2505900 2506200 5
10001 970 1 2506200 2507100 4
10001 970 2 2507100 2507400 5
10001 970 1 2507400 2508300 4
10001 970 2 2508300 2508600 5
10001 1 2 2508600 2598600 3
10001 1 1 2598600 2599200 2
10001 1 3 2599200 2600100 2
10002 9910002 1 0 22500 1
10002 1 1 22500 23100 2
10002 1 3 23100 24000 2
10002 972 1 24000 24900 4
10002 972 2 24900 25200 5
10002 1 2 25200 115200 3
10002 1 1 115200 115800 2
10002 1 3 115800 116700 2
10002 9910002 1 116700 159000 1
10002 1 1 159000 159600 2
10002 1 3 159600 160500 2
10002 973 1 160500 161400 4
10002 973 2 161400 161700 5
10002 90400 1 161700 162300 6
10002 973 1 162300 163200 4
10002 973 2 163200 163500 5
10002 972 1 163500 164400 4
10002 972 2 164400 164700 5
10002 1 2 164700 254700 3
10002 1 1 254700 255300 2
10002 1 3 255300 256200 2
10002 9910002 1 256200 298500 1
10002 1 1 298500 299100 2
10002 1 3 299100 300000 2
10002 973 1 300000 300900 4
10002 973 2 300900 301200 5
10002 1 2 301200 391200 3
10002 1 1 391200 391800 2
10002 1 3 391800 392700 2
10002 9910002 1 392700 435000 1
10002 1 1 435000 435600 2
10002 1 3 435600 436500 2
10002 973 1 436500 437400 4
10002 973 2 437400 437700 5
10002 973 1 437700 438600 4
10002 973 2 438600 438900 5
10002 973 1 438900 439800 4
10002 973 2 439800 440100 5
10002 1 2 440100 530100 3
10002 1 1 530100 530700 2
10002 1 3 530700 531600 2
10002 9910002 1 531600 573900 1
10002 1 1 573900 574500 2
10002 1 3 574500 575400 2
10002 973 1 575400 576300 4
10002 973 2 576300 576600 5
10002 90400 1 576600 577200 6
10002 973 1 577200 578100 4
10002 973 2 578100 578400 5
10002 1 2 578400 668400 3
10002 1 1 668400 669000 2
10002 1 3 669000 669900 2
10002 9910002 1 669900 712200 1
10002 1 1 712200 712800 2
10002 1 3 712800 713700 2
10002 972 1 713700 714600 4
10002 972 2 714600 714900 5
10002 1 2 714900 804900 3
10002 1 1 804900 805500 2
10002 1 3 805500 806400 2
10002 9910002 1 806400 848700 1
10002 1 1 848700 849300 2
10002 1 3 849300 850200 2
10002 973 1 850200 851100 4
10002 973 2 851100 851400 5
10002 90400 1 851400 852000 6
10002 973 1 852000 852900 4
10002 973 2 852900 853200 5
10002 1 2 853200 943200 3
10002 1 1 943200 943800 2
10002 1 3 943800 944700 2
10002 9910002 1 944700 987000 1
10002 1 1 987000 987600 2
10002 1 3 987600 988500 2
10002 972 1 988500 989400 4
10002 972 2 989400 989700 5
10002 90400 1 989700 990300 6
10002 972 1 990300 991200 4
10002 972 2 991200 991500 5
10002 972 1 991500 992400 4
10002 972 2 992400 992700 5
10002 1 2 992700 1082700 3
10002 1 1 1082700 1083300 2
10002 1 3 1083300 1084200 2
10002 9910002 1 1084200 1126500 1
10002 1 1 1126500 1127100 2
10002 1 3 1127100 1128000 2
10002 973 1 1128000 1128900 4
10002 973 2 1128900 1129200 5
10002 973 1 1129200 1130100 4
10002 973 2 1130100 1130400 5
10002 1 2 1130400 1220400 3
10002 1 1 1220400 1221000 2
10002 1 3 1221000 1221900 2
10002 9910002 1 1221900 1264200 1
10002 1 1 1264200 1264800 2
10002 1 3 1264800 1265700 2
10002 973 1 1265700 1266600 4
10002 973 2 1266600 1266900 5
10002 1 2 1266900 1356900 3
10002 1 1 1356900 1357500 2
10002 1 3 1357500 1358400 2
10002 9910002 1 1358400 1400700 1
10002 1 1 1400700 1401300 2
10002 1 3 1401300 1402200 2
10002 973 1 1402200 1403100 4
10002 973 2 1403100 1403400 5
10002 973 1 1403400 1404300 4
10002 973 2 1404300 1404600 5
10002 1 2 1404600 1494600 3
10002 1 1 1494600 1495200 2
10002 1 3 1495200 1496100 2
10002 9910002 1 1496100 1538400 1
10002 1 1 1538400 1539000 2
10002 1 3 1539000 1539900 2
10002 972 1 1539900 1540800 4
10002 972 2 1540800 1541100 5
10002 973 1 1541100 1542000 4
10002 973 2 1542000 1542300 5
10002 972 1 1542300 1543200 4
10002 972 2 1543200 1543500 5
10002 1 2 1543500 1633500 3
10002 1 1 1633500 1634100 2
10002 1 3 1634100 1635000 2
10002 9910002 1 1635000 1677300 1
10002 1 1 1677300 1677900 2
10002 1 3 1677900 1678800 2
10002 973 1 1678800 1679700 4
10002 973 2 1679700 1680000 5
10002 1 2 1680000 1770000 3
10002 1 1 1770000 1770600 2
10002 1 3 1770600 1771500 2
10002 9910002 1 1771500 1813800 1
10002 1 1 1813800 1814400 2
10002 1 3 1814400 1815300 2
10002 973 1 1815300 1816200 4
10002 973 2 1816200 1816500 5
10002 972 1 1816500 1817400 4
10002 972 2 1817400 1817700 5
10002 973 1 1817700 1818600 4
10002 973 2 1818600 1818900 5
10002 973 1 1818900 1819800 4
10002 973 2 1819800 1820100 5
10002 973 1 1820100 1821000 4
10002 973 2 1821000 1821300 5
10002 1 2 1821300 1911300 3
10002 1 1 1911300 1911900 2
10002 1 3 1911900 1912800 2
10002 9910002 1 1912800 1955100 1
10002 1 1 1955100 1955700 2
10002 1 3 1955700 1956600 2
10002 972 1 1956600 1957500 4
10002 972 2 1957500 1957800 5
10002 90400 1 1957800 1958400 6
10002 972 1 1958400 1959300 4
10002 972 2 1959300 1959600 5
10002 1 2 1959600 2049600 3
10002 1 1 2049600 2050200 2
10002 1 3 2050200 2051100 2
10002 9910002 1 2051100 2093400 1
10002 1 1 2093400 2094000 2
10002 1 3 2094000 2094900 2
10002 972 1 2094900 2095800 4
10002 972 2 2095800 2096100 5
10002 1 2 2096100 2186100 3
10002 1 1 2186100 2186700 2
10002 1 3 2186700 2187600 2
10002 9910002 1 2187600 2229900 1
10002 1 1 2229900 2230500 2
10002 1 3 2230500 2231400 2
10002 972 1 2231400 2232300 4
10002 972 2 2232300 2232600 5
10002 1 2 2232600 2322600 3
10002 1 1 2322600 2323200 2
10002 1 3 2323200 2324100 2
10002 9910002 1 2324100 2366400 1
10002 1 1 2366400 2367000 2
10002 1 3 2367000 2367900 2
10002 972 1 2367900 2368800 4
10002 972 2 2368800 2369100 5
10002 973 1 2369100 2370000 4
10002 973 2 2370000 2370300 5
10002 1 2 2370300 2460300 3
10002 1 1 2460300 2460900 2
10002 1 3 2460900 2461800 2
10002 9910002 1 2461800 2504100 1
10002 1 1 2504100 2504700 2
10002 1 3 2504700 2505600 2
10002 972 1 2505600 2506500 4
10002 972 2 2506500 2506800 5
10002 973 1 2506800 2507700 4
10002 973 2 2507700 2508000 5
10002 1 2 2508000 2598000 3
10002 1 1 2598000 2598600 2
10002 1 3 2598600 2599500 2
10003 9910003 1 0 22500 1
10003 1 1 22500 23100 2
10003 1 3 23100 24000 2
10003 975 1 24000 24900 4
10003 975 2 24900 25200 5
10003 974 1 25200 26100 4
10003 974 2 26100 26400 5
10003 974 1 26400 27300 4
10003 974 2 27300 27600 5
10003 975 1 27600 28500 4
10003 975 2 28500 28800 5
10003 974 1 28800 29700 4
10003 974 2 29700 30000 5
10003 975 1 30000 30900 4
10003 975 2 30900 31200 5
10003 975 1 31200 32100 4
10003 975 2 32100 32400 5
10003 975 1 32400 33300 4
10003 975 2 33300 33600 5
10003 1 2 33600 123600 3
10003 1 1 123600 124200 2
10003 1 3 124200 125100 2
10003 9910003 1 125100 167400 1
10003 1 1 167400 168000 2
10003 1 3 168000 168900 2
10003 975 1 168900 169800 4
10003 975 2 169800 170100 5
10003 90400 1 170100 170700 6
10003 975 1 170700 171600 4
10003 975 2 171600 171900 5
10003 975 1 171900 172800 4
10003 975 2 172800 173100 5
10003 975 1 173100 174000 4
10003 975 2 174000 174300 5
10003 1 2 174300 264300 3
10003 1 1 264300 264900 2
10003 1 3 264900 265800 2
10003 9910003 1 265800 308100 1
10003 1 1 308100 308700 2
10003 1 3 308700 309600 2
10003 974 1 309600 310500 4
10003 974 2 310500 310800 5
10003 975 1 310800 311700 4
10003 975 2 311700 312000 5
10003 975 1 312000 312900 4
10003 975 2 312900 313200 5
10003 90400 1 313200 313800 6
10003 975 1 313800 314700 4
10003 975 2 314700 315000 5
10003 1 2 315000 405000 3
10003 1 1 405000 405600 2
10003 1 3 405600 406500 2
10003 9910003 1 406500 448800 1
10003 1 1 448800 449400 2
10003 1 3 449400 450300 2
10003 974 1 450300 451200 4
10003 974 2 451200 451500 5
10003 974 1 451500 452400 4
10003 974 2 452400 452700 5
10003 1 2 452700 542700 3
10003 1 1 542700 543300 2
10003 1 3 543300 544200 2
10003 9910003 1 544200 586500 1
10003 1 1 586500 587100 2
10003 1 3 587100 588000 2
10003 975 1 588000 588900 4
10003 975 2 588900 589200 5
10003 974 1 589200 590100 4
10003 974 2 590100 590400 5
10003 975 1 590400 591300 4
10003 975 2 591300 591600 5
10003 1 2 591600 681600 3
10003 1 1 681600 682200 2
10003 1 3 682200 683100 2
10003 9910003 1 683100 725400 1
10003 1 1 725400 726000 2
10003 1 3 726000 726900 2
10003 975 1 726900 727800 4
10003 975 2 727800 728100 5
10003 1 2 728100 818100 3
10003 1 1 818100 818700 2
10003 1 3 818700 819600 2
10003 9910003 1 819600 861900 1
10003 1 1 861900 862500 2
10003 1 3 862500 863400 2
10003 974 1 863400 864300 4
10003 974 2 864300 864600 5
10003 974 1 864600 865500 4
10003 974 2 865500 865800 5
10003 90400 1 865800 866400 6
10003 974 1 866400 867300 4
10003 974 2 867300 867600 5
10003 975 1 867600 868500 4
10003 975 2 868500 868800 5
10003 1 2 868800 958800 3
10003 1 1 958800 959400 2
10003 1 3 959400 960300 2
10003 9910003 1 960300 1002600 1
10003 1 1 1002600 1003200 2
10003 1 3 1003200 1004100 2
10003 974 1 1004100 1005000 4
10003 974 2 1005000 1005300 5
10003 974 1 1005300 1006200 4
10003 974 2 1006200 1006500 5
10003 90400 1 1006500 1007100 6
10003 974 1 1007100 1008000 4
10003 974 2 1008000 1008300 5
10003 1 2 1008300 1098300 3
10003 1 1 1098300 1098900 2
10003 1 3 1098900 1099800 2
10003 9910003 1 1099800 1142100 1
10003 1 1 1142100 1142700 2
10003 1 3 1142700 1143600 2
10003 974 1 1143600 1144500 4
10003 974 2 1144500 1144800 5
10003 975 1 1144800 1145700 4
10003 975 2 1145700 1146000 5
10003 974 1 1146000 1146900 4
10003 974 2 1146900 1147200 5
10003 975 1 1147200 1148100 4
10003 975 2 1148100 1148400 5
10003 974 1 1148400 1149300 4
10003 974 2 1149300 1149600 5
10003 1 2 1149600 1239600 3
10003 1 1 1239600 1240200 2
10003 1 3 1240200 1241100 2
10003 9910003 1 1241100 1283400 1
10003 1 1 1283400 1284000 2
10003 1 3 1284000 1284900 2
10003 974 1 1284900 1285800 4
10003 974 2 1285800 1286100 5
10003 1 2 1286100 1376100 3
10003 1 1 1376100 1376700 2
10003 1 3 1376700 1377600 2
10003 9910003 1 1377600 1419900 1
10003 1 1 1419900 1420500 2
10003 1 3 1420500 1421400 2
10003 974 1 1421400 1422300 4
10003 974 2 1422300 1422600 5
10003 975 1 1422600 1423500 4
10003 975 2 1423500 1423800 5
10003 1 2 1423800 1513800 3
10003 1 1 1513800 1514400 2
10003 1 3 1514400 1515300 2
10003 9910003 1 1515300 1557600 1
10003 1 1 1557600 1558200 2
10003 1 3 1558200 1559100 2
10003 975 1 1559100 1560000 4
10003 975 2 1560000 1560300 5
10003 1 2 1560300 1650300 3
10003 1 1 1650300 1650900 2
10003 1 3 1650900 1651800 2
10003 9910003 1 1651800 1694100 1
10003 1 1 1694100 1694700 2
10003 1 3 1694700 1695600 2
10003 974 1 1695600 1696500 4
10003 974 2 1696500 1696800 5
10003 975 1 1696800 1697700 4
10003 975 2 1697700 1698000 5
10003 975 1 1698000 1698900 4
10003 975 2 1698900 1699200 5
10003 1 2 1699200 1789200 3
10003 1 1 1789200 1789800 2
10003 1 3 1789800 1790700 2
10003 9910003 1 1790700 1833000 1
10003 1 1 1833000 1833600 2
10003 1 3 1833600 1834500 2
10003 974 1 1834500 1835400 4
10003 974 2 1835400 1835700 5
10003 974 1 1835700 1836600 4
10003 974 2 1836600 1836900 5
10003 974 1 1836900 1837800 4
10003 974 2 1837800 1838100 5
10003 1 2 1838100 1928100 3
10003 1 1 1928100 1928700 2
10003 1 3 1928700 1929600 2
10003 9910003 1 1929600 1971900 1
10003 1 1 1971900 1972500 2
10003 1 3 1972500 1973400 2
10003 975 1 1973400 1974300 4
10003 975 2 1974300 1974600 5
10003 974 1 1974600 1975500 4
10003 974 2 1975500 1975800 5
10003 974 1 1975800 1976700 4
10003 974 2 1976700 1977000 5
10003 1 2 1977000 2067000 3
10003 1 1 2067000 2067600 2
10003 1 3 2067600 2068500 2
10003 9910003 1 2068500 2110800 1
10003 1 1 2110800 2111400 2
10003 1 3 2111400 2112300 2
10003 974 1 2112300 2113200 4
10003 974 2 2113200 2113500 5
10003 974 1 2113500 2114400 4
10003 974 2 2114400 2114700 5
10003 975 1 2114700 2115600 4
10003 975 2 2115600 2115900 5
10003 1 2 2115900 2205900 3
10003 1 1 2205900 2206500 2
10003 1 3 2206500 2207400 2
10003 9910003 1 2207400 2249700 1
10003 1 1 2249700 2250300 2
10003 1 3 2250300 2251200 2
10003 974 1 2251200 2252100 4
10003 974 2 2252100 2252400 5
10003 1 2 2252400 2342400 3
10003 1 1 2342400 2343000 2
10003 1 3 2343000 2343900 2
10003 9910003 1 2343900 2386200 1
10003 1 1 2386200 2386800 2
10003 1 3 2386800 2387700 2
10003 974 1 2387700 2388600 4
10003 974 2 2388600 2388900 5
10003 974 1 2388900 2389800 4
10003 974 2 2389800 2390100 5
10003 1 2 2390100 2480100 3
10003 1 1 2480100 2480700 2
10003 1 3 2480700 2481600 2
10003 9910003 1 2481600 2523900 1
10003 1 1 2523900 2524500 2
10003 1 3 2524500 2525400 2
10003 974 1 2525400 2526300 4
10003 974 2 2526300 2526600 5
10003 975 1 2526600 2527500 4
10003 975 2 2527500 2527800 5
10003 974 1 2527800 2528700 4
10003 974 2 2528700 2529000 5
10003 1 2 2529000 2619000 3
10003 1 1 2619000 2619600 2
10003 1 3 2619600 2620500 2
10004 9910004 1 0 22500 1
10004 1 1 22500 23100 2
10004 1 3 23100 24000 2
10004 977 1 24000 24900 4
10004 977 2 24900 25200 5
10004 1 2 25200 115200 3
10004 1 1 115200 115800 2
10004 1 3 115800 116700 2
10004 9910004 1 116700 159000 1
10004 1 1 159000 159600 2
10004 1 3 159600 160500 2
10004 976 1 160500 161400 4
10004 976 2 161400 161700 5
10004 976 1 161700 162600 4
10004 976 2 162600 162900 5
10004 1 2 162900 252900 3
10004 1 1 252900 253500 2
10004 1 3 253500 254400 2
10004 9910004 1 254400 296700 1
10004 1 1 296700 297300 2
10004 1 3 297300 298200 2
10004 977 1 298200 299100 4
10004 977 2 299100 299400 5
10004 977 1 299400 300300 4
10004 977 2 300300 300600 5
10004 1 2 300600 390600 3
10004 1 1 390600 391200 2
10004 1 3 391200 392100 2
10004 9910004 1 392100 434400 1
10004 1 1 434400 435000 2
10004 1 3 435000 435900 2
10004 977 1 435900 436800 4
10004 977 2 436800 437100 5
10004 90400 1 437100 437700 6
10004 977 1 437700 438600 4
10004 977 2 438600 438900 5
10004 1 2 438900 528900 3
10004 1 1 528900 529500 2
10004 1 3 529500 530400 2
10004 9910004 1 530400 572700 1
10004 1 1 572700 573300 2
10004 1 3 573300 574200 2
10004 976 1 574200 575100 4
10004 976 2 575100 575400 5
10004 977 1 575400 576300 4
10004 977 2 576300 576600 5
10004 976 1 576600 577500 4
10004 976 2 577500 577800 5
10004 976 1 577800 578700 4
10004 976 2 578700 579000 5
10004 1 2 579000 669000 3
10004 1 1 669000 669600 2
10004 1 3 669600 670500 2
10004 9910004 1 670500 712800 1
10004 1 1 712800 713400 2
10004 1 3 713400 714300 2
10004 976 1 714300 715200 4
10004 976 2 715200 715500 5
10004 1 2 715500 805500 3
10004 1 1 805500 806100 2
10004 1 3 806100 807000 2
10004 9910004 1 807000 849300 1
10004 1 1 849300 849900 2
10004 1 3 849900 850800 2
10004 977 1 850800 851700 4
10004 977 2 851700 852000 5
10004 977 1 852000 852900 4
10004 977 2 852900 853200 5
10004 1 2 853200 943200 3
10004 1 1 943200 943800 2
10004 1 3 943800 944700 2
10004 9910004 1 944700 987000 1
10004 1 1 987000 987600 2
10004 1 3 987600 988500 2
10004 976 1 988500 989400 4
10004 976 2 989400 989700 5
10004 1 2 989700 1079700 3
10004 1 1 1079700 1080300 2
10004 1 3 1080300 1081200 2
10004 9910004 1 1081200 1123500 1
10004 1 1 1123500 1124100 2
10004 1 3 1124100 1125000 2
10004 977 1 1125000 1125900 4
10004 977 2 1125900 1126200 5
10004 976 1 1126200 1127100 4
10004 976 2 1127100 1127400 5
10004 976 1 1127400 1128300 4
10004 976 2 1128300 1128600 5
10004 1 2 1128600 1218600 3
10004 1 1 1218600 1219200 2
10004 1 3 1219200 1220100 2
10004 9910004 1 1220100 1262400 1
10004 1 1 1262400 1263000 2
10004 1 3 1263000 1263900 2
10004 976 1 1263900 1264800 4
10004 976 2 1264800 1265100 5
10004 1 2 1265100 1355100 3
10004 1 1 1355100 1355700 2
10004 1 3 1355700 1356600 2
10004 9910004 1 1356600 1398900 1
10004 1 1 1398900 1399500 2
10004 1 3 1399500 1400400 2
10004 977 1 1400400 1401300 4
10004 977 2 1401300 1401600 5
10004 976 1 1401600 1402500 4
10004 976 2 1402500 1402800 5
10004 976 1 1402800 1403700 4
10004 976 2 1403700 1404000 5
10004 1 2 1404000 1494000 3
10004 1 1 1494000 1494600 2
10004 1 3 1494600 1495500 2
10004 9910004 1 1495500 1537800 1
10004 1 1 1537800 1538400 2
10004 1 3 1538400 1539300 2
10004 977 1 1539300 1540200 4
10004 977 2 1540200 1540500 5
10004 977 1 1540500 1541400 4
10004 977 2 1541400 1541700 5
10004 976 1 1541700 1542600 4
10004 976 2 1542600 1542900 5
10004 1 2 1542900 1632900 3
10004 1 1 1632900 1633500 2
10004 1 3 1633500 1634400 2
10004 9910004 1 1634400 1676700 1
10004 1 1 1676700 1677300 2
10004 1 3 1677300 1678200 2
10004 977 1 1678200 1679100 4
10004 977 2 1679100 1679400 5
10004 977 1 1679400 1680300 4
10004 977 2 1680300 1680600 5
10004 90400 1 1680600 1681200 6
10004 977 1 1681200 1682100 4
10004 977 2 1682100 1682400 5
10004 977 1 1682400 1683300 4
10004 977 2 1683300 1683600 5
10004 976 1 1683600 1684500 4
10004 976 2 1684500 1684800 5
10004 977 1 1684800 1685700 4
10004 977 2 1685700 1686000 5
10004 1 2 1686000 1776000 3
10004 1 1 1776000 1776600 2
10004 1 3 1776600 1777500 2
10004 9910004 1 1777500 1819800 1
10004 1 1 1819800 1820400 2
10004 1 3 1820400 1821300 2
10004 976 1 1821300 1822200 4
10004 976 2 1822200 1822500 5
10004 977 1 1822500 1823400 4
10004 977 2 1823400 1823700 5
10004 1 2 1823700 1913700 3
10004 1 1 1913700 1914300 2
10004 1 3 1914300 1915200 2
10004 9910004 1 1915200 1957500 1
10004 1 1 1957500 1958100 2
10004 1 3 1958100 1959000 2
10004 977 1 1959000 1959900 4
10004 977 2 1959900 1960200 5
10004 1 2 1960200 2050200 3
10004 1 1 2050200 2050800 2
10004 1 3 2050800 2051700 2
10004 9910004 1 2051700 2094000 1
10004 1 1 2094000 2094600 2
10004 1 3 2094600 2095500 2
10004 977 1 2095500 2096400 4
10004 977 2 2096400 2096700 5
10004 976 1 2096700 2097600 4
10004 976 2 2097600 2097900 5
10004 90400 1 2097900 2098500 6
10004 976 1 2098500 2099400 4
10004 976 2 2099400 2099700 5
10004 1 2 2099700 2189700 3
10004 1 1 2189700 2190300 2
10004 1 3 2190300 2191200 2
10004 9910004 1 2191200 2233500 1
10004 1 1 2233500 2234100 2
10004 1 3 2234100 2235000 2
10004 976 1 2235000 2235900 4
10004 976 2 2235900 2236200 5
10004 977 1 2236200 2237100 4
10004 977 2 2237100 2237400 5
10004 1 2 2237400 2327400 3
10004 1 1 2327400 2328000 2
10004 1 3 2328000 2328900 2
10004 9910004 1 2328900 2371200 1
10004 1 1 2371200 2371800 2
10004 1 3 2371800 2372700 2
10004 977 1 2372700 2373600 4
10004 977 2 2373600 2373900 5
10004 90400 1 2373900 2374500 6
10004 977 1 2374500 2375400 4
10004 977 2 2375400 2375700 5
10004 977 1 2375700 2376600 4
10004 977 2 2376600 2376900 5
10004 976 1 2376900 2377800 4
10004 976 2 2377800 2378100 5
10004 1 2 2378100 2468100 3
10004 1 1 2468100 2468700 2
10004 1 3 2468700 2469600 2
10004 9910004 1 2469600 2511900 1
10004 1 1 2511900 2512500 2
10004 1 3 2512500 2513400 2
10004 977 1 2513400 2514300 4
10004 977 2 2514300 2514600 5
10004 976 1 2514600 2515500 4
10004 976 2 2515500 2515800 5
10004 977 1 2515800 2516700 4
10004 977 2 2516700 2517000 5
10004 1 2 2517000 2607000 3
10004 1 1 2607000 2607600 2
10004 1 3 2607600 2608500 2
10005 9910005 1 0 22500 1
10005 1 1 22500 23100 2
10005 1 3 23100 24000 2
10005 979 1 24000 24900 4
10005 979 2 24900 25200 5
10005 1 2 25200 115200 3
10005 1 1 115200 115800 2
10005 1 3 115800 116700 2
10005 9910005 1 116700 159000 1
10005 1 1 159000 159600 2
10005 1 3 159600 160500 2
10005 978 1 160500 161400 4
10005 978 2 161400 161700 5
10005 978 1 161700 162600 4
10005 978 2 162600 162900 5
10005 979 1 162900 163800 4
10005 979 2 163800 164100 5
10005 1 2 164100 254100 3
10005 1 1 254100 254700 2
10005 1 3 254700 255600 2
10005 9910005 1 255600 297900 1
10005 1 1 297900 298500 2
10005 1 3 298500 299400 2
10005 978 1 299400 300300 4
10005 978 2 300300 300600 5
10005 979 1 300600 301500 4
10005 979 2 301500 301800 5
10005 979 1 301800 302700 4
10005 979 2 302700 303000 5
10005 90400 1 303000 303600 6
10005 979 1 303600 304500 4
10005 979 2 304500 304800 5
10005 1 2 304800 394800 3
10005 1 1 394800 395400 2
10005 1 3 395400 396300 2
10005 9910005 1 396300 438600 1
10005 1 1 438600 439200 2
10005 1 3 439200 440100 2
10005 979 1 440100 441000 4
10005 979 2 441000 441300 5
10005 979 1 441300 442200 4
10005 979 2 442200 442500 5
10005 978 1 442500 443400 4
10005 978 2 443400 443700 5
10005 1 2 443700 533700 3
10005 1 1 533700 534300 2
10005 1 3 534300 535200 2
10005 9910005 1 535200 577500 1
10005 1 1 577500 578100 2
10005 1 3 578100 579000 2
10005 979 1 579000 579900 4
10005 979 2 579900 580200 5
10005 90400 1 580200 580800 6
10005 979 1 580800 581700 4
10005 979 2 581700 582000 5
10005 979 1 582000 582900 4
10005 979 2 582900 583200 5
10005 978 1 583200 584100 4
10005 978 2 584100 584400 5
10005 1 2 584400 674400 3
10005 1 1 674400 675000 2
10005 1 3 675000 675900 2
10005 9910005 1 675900 718200 1
10005 1 1 718200 718800 2
10005 1 3 718800 719700 2
10005 978 1 719700 720600 4
10005 978 2 720600 720900 5
10005 978 1 720900 721800 4
10005 978 2 721800 722100 5
10005 1 2 722100 812100 3
10005 1 1 812100 812700 2
10005 1 3 812700 813600 2
10005 9910005 1 813600 855900 1
10005 1 1 855900 856500 2
10005 1 3 856500 857400 2
10005 979 1 857400 858300 4
10005 979 2 858300 858600 5
10005 978 1 858600 859500 4
10005 978 2 859500 859800 5
10005 979 1 859800 860700 4
10005 979 2 860700 861000 5
10005 1 2 861000 951000 3
10005 1 1 951000 951600 2
10005 1 3 951600 952500 2
10005 9910005 1 952500 994800 1
10005 1 1 994800 995400 2
10005 1 3 995400 996300 2
10005 978 1 996300 997200 4
10005 978 2 997200 997500 5
10005 1 2 997500 1087500 3
10005 1 1 1087500 1088100 2
10005 1 3 1088100 1089000 2
10005 9910005 1 1089000 1131300 1
10005 1 1 1131300 1131900 2
10005 1 3 1131900 1132800 2
10005 979 1 1132800 1133700 4
10005 979 2 1133700 1134000 5
10005 978 1 1134000 1134900 4
10005 978 2 1134900 1135200 5
10005 978 1 1135200 1136100 4
10005 978 2 1136100 1136400 5
10005 1 2 1136400 1226400 3
10005 1 1 1226400 1227000 2
10005 1 3 1227000 1227900 2
10005 9910005 1 1227900 1270200 1
10005 1 1 1270200 1270800 2
10005 1 3 1270800 1271700 2
10005 979 1 1271700 1272600 4
10005 979 2 1272600 1272900 5
10005 978 1 1272900 1273800 4
10005 978 2 1273800 1274100 5
10005 90400 1 1274100 1274700 6
10005 978 1 1274700 1275600 4
10005 978 2 1275600 1275900 5
10005 1 2 1275900 1365900 3
10005 1 1 1365900 1366500 2
10005 1 3 1366500 1367400 2
10005 9910005 1 1367400 1409700 1
10005 1 1 1409700 1410300 2
10005 1 3 1410300 1411200 2
10005 979 1 1411200 1412100 4
10005 979 2 1412100 1412400 5
10005 979 1 1412400 1413300 4
10005 979 2 1413300 1413600 5
10005 979 1 1413600 1414500 4
10005 979 2 1414500 1414800 5
10005 978 1 1414800 1415700 4
10005 978 2 1415700 1416000 5
10005 979 1 1416000 1416900 4
10005 979 2 1416900 1417200 5
10005 1 2 1417200 1507200 3
10005 1 1 1507200 1507800 2
10005 1 3 1507800 1508700 2
10005 9910005 1 1508700 1551000 1
10005 1 1 1551000 1551600 2
10005 1 3 1551600 1552500 2
10005 978 1 1552500 1553400 4
10005 978 2 1553400 1553700 5
10005 1 2 1553700 1643700 3
10005 1 1 1643700 1644300 2
10005 1 3 1644300 1645200 2
10005 9910005 1 1645200 1687500 1
10005 1 1 1687500 1688100 2
10005 1 3 1688100 1689000 2
10005 978 1 1689000 1689900 4
10005 978 2 1689900 1690200 5
10005 978 1 1690200 1691100 4
10005 978 2 1691100 1691400 5
10005 1 2 1691400 1781400 3
10005 1 1 1781400 1782000 2
10005 1 3 1782000 1782900 2
10005 9910005 1 1782900 1825200 1
10005 1 1 1825200 1825800 2
10005 1 3 1825800 1826700 2
10005 978 1 1826700 1827600 4
10005 978 2 1827600 1827900 5
10005 978 1 1827900 1828800 4
10005 978 2 1828800 1829100 5
10005 1 2 1829100 1919100 3
10005 1 1 1919100 1919700 2
10005 1 3 1919700 1920600 2
10005 9910005 1 1920600 1962900 1
10005 1 1 1962900 1963500 2
10005 1 3 1963500 1964400 2
10005 978 1 1964400 1965300 4
10005 978 2 1965300 1965600 5
10005 1 2 1965600 2055600 3
10005 1 1 2055600 2056200 2
10005 1 3 2056200 2057100 2
10005 9910005 1 2057100 2099400 1
10005 1 1 2099400 2100000 2
10005 1 3 2100000 2100900 2
10005 978 1 2100900 2101800 4
10005 978 2 2101800 2102100 5
10005 1 2 2102100 2192100 3
10005 1 1 2192100 2192700 2
10005 1 3 2192700 2193600 2
10005 9910005 1 2193600 2235900 1
10005 1 1 2235900 2236500 2
10005 1 3 2236500 2237400 2
10005 979 1 2237400 2238300 4
10005 979 2 2238300 2238600 5
10005 1 2 2238600 2328600 3
10005 1 1 2328600 2329200 2
10005 1 3 2329200 2330100 2
10005 9910005 1 2330100 2372400 1
10005 1 1 2372400 2373000 2
10005 1 3 2373000 2373900 2
10005 979 1 2373900 2374800 4
10005 979 2 2374800 2375100 5
10005 979 1 2375100 2376000 4
10005 979 2 2376000 2376300 5
10005 1 2 2376300 2466300 3
10005 1 1 2466300 2466900 2
10005 1 3 2466900 2467800 2
10005 9910005 1 2467800 2510100 1
10005 1 1 2510100 2510700 2
10005 1 3 2510700 2511600 2
10005 978 1 2511600 2512500 4
10005 978 2 2512500 2512800 5
10005 1 2 2512800 2602800 3
10005 1 1 2602800 2603400 2
10005 1 3 2603400 2604300 2
10006 9910006 1 0 65700 1
10006 1 1 65700 66300 2
10006 1 3 66300 67200 2
10006 968 1 67200 68100 4
10006 968 2 68100 68400 5
10006 1 2 68400 158400 3
10006 1 1 158400 159000 2
10006 1 3 159000 159900 2
10006 9910006 1 159900 202200 1
10006 1 1 202200 202800 2
10006 1 3 202800 203700 2
10006 969 1 203700 204600 4
10006 969 2 204600 204900 5
10006 1 2 204900 294900 3
10006 1 1 294900 295500 2
10006 1 3 295500 296400 2
10006 9910006 1 296400 338700 1
10006 1 1 338700 339300 2
10006 1 3 339300 340200 2
10006 968 1 340200 341100 4
10006 968 2 341100 341400 5
10006 1 2 341400 431400 3
10006 1 1 431400 432000 2
10006 1 3 432000 432900 2
10006 9910006 1 432900 475200 1
10006 1 1 475200 475800 2
10006 1 3 475800 476700 2
10006 969 1 476700 477600 4
10006 969 2 477600 477900 5
10006 1 2 477900 567900 3
10006 1 1 567900 568500 2
10006 1 3 568500 569400 2
10006 9910006 1 569400 611700 1
10006 1 1 611700 612300 2
10006 1 3 612300 613200 2
10006 969 1 613200 614100 4
10006 969 2 614100 614400 5
10006 968 1 614400 615300 4
10006 968 2 615300 615600 5
10006 1 2 615600 705600 3
10006 1 1 705600 706200 2
10006 1 3 706200 707100 2
10006 9910006 1 707100 749400 1
10006 1 1 749400 750000 2
10006 1 3 750000 750900 2
10006 968 1 750900 751800 4
10006 968 2 751800 752100 5
10006 968 1 752100 753000 4
10006 968 2 753000 753300 5
10006 90400 1 753300 753900 6
10006 968 1 753900 754800 4
10006 968 2 754800 755100 5
10006 1 2 755100 845100 3
10006 1 1 845100 845700 2
10006 1 3 845700 846600 2
10006 9910006 1 846600 888900 1
10006 1 1 888900 889500 2
10006 1 3 889500 890400 2
10006 969 1 890400 891300 4
10006 969 2 891300 891600 5
10006 90400 1 891600 892200 6
10006 969 1 892200 893100 4
10006 969 2 893100 893400 5
10006 1 2 893400 983400 3
10006 1 1 983400 984000 2
10006 1 3 984000 984900 2
10006 9910006 1 984900 1027200 1
10006 1 1 1027200 1027800 2
10006 1 3 1027800 1028700 2
10006 969 1 1028700 1029600 4
10006 969 2 1029600 1029900 5
10006 1 2 1029900 1119900 3
10006 1 1 1119900 1120500 2
10006 1 3 1120500 1121400 2
10006 9910006 1 1121400 1163700 1
10006 1 1 1163700 1164300 2
10006 1 3 1164300 1165200 2
10006 969 1 1165200 1166100 4
10006 969 2 1166100 1166400 5
10006 90400 1 1166400 1167000 6
10006 969 1 1167000 1167900 4
10006 969 2 1167900 1168200 5
10006 968 1 1168200 1169100 4
10006 968 2 1169100 1169400 5
10006 969 1 1169400 1170300 4
10006 969 2 1170300 1170600 5
10006 968 1 1170600 1171500 4
10006 968 2 1171500 1171800 5
10006 969 1 1171800 1172700 4
10006 969 2 1172700 1173000 5
10006 969 1 1173000 1173900 4
10006 969 2 1173900 1174200 5
10006 90400 1 1174200 1174800 6
10006 969 1 1174800 1175700 4
10006 969 2 1175700 1176000 5
10006 1 1 1176000 1176600 2
10006 1 3 1176600 1177500 2
10006 9910006 1 1177500 1219800 1
10006 1 1 1219800 1220400 2
10006 1 3 1220400 1221300 2
10006 969 1 1221300 1222200 4
10006 969 2 1222200 1222500 5
10006 968 1 1222500 1223400 4
10006 968 2 1223400 1223700 5
10006 90400 1 1223700 1224300 6
10006 968 1 1224300 1225200 4
10006 968 2 1225200 1225500 5
10006 968 1 1225500 1226400 4
10006 968 2 1226400 1226700 5
10006 1 2 1226700 1316700 3
10006 1 1 1316700 1317300 2
10006 1 3 1317300 1318200 2
10006 9910006 1 1318200 1360500 1
10006 1 1 1360500 1361100 2
10006 1 3 1361100 1362000 2
10006 968 1 1362000 1362900 4
10006 968 2 1362900 1363200 5
10006 1 2 1363200 1453200 3
10006 1 1 1453200 1453800 2
10006 1 3 1453800 1454700 2
10006 9910006 1 1454700 1497000 1
10006 1 1 1497000 1497600 2
10006 1 3 1497600 1498500 2
10006 968 1 1498500 1499400 4
10006 968 2 1499400 1499700 5
10006 968 1 1499700 1500600 4
10006 968 2 1500600 1500900 5
10006 969 1 1500900 1501800 4
10006 969 2 1501800 1502100 5
10006 1 2 1502100 1592100 3
10006 1 1 1592100 1592700 2
10006 1 3 1592700 1593600 2
10006 9910006 1 1593600 1635900 1
10006 1 1 1635900 1636500 2
10006 1 3 1636500 1637400 2
10006 969 1 1637400 1638300 4
10006 969 2 1638300 1638600 5
10006 1 2 1638600 1728600 3
10006 1 1 1728600 1729200 2
10006 1 3 1729200 1730100 2
10006 9910006 1 1730100 1772400 1
10006 1 1 1772400 1773000 2
10006 1 3 1773000 1773900 2
10006 968 1 1773900 1774800 4
10006 968 2 1774800 1775100 5
10006 90400 1 1775100 1775700 6
10006 968 1 1775700 1776600 4
10006 968 2 1776600 1776900 5
10006 1 2 1776900 1866900 3
10006 1 1 1866900 1867500 2
10006 1 3 1867500 1868400 2
10006 9910006 1 1868400 1910700 1
10006 1 1 1910700 1911300 2
10006 1 3 1911300 1912200 2
10006 968 1 1912200 1913100 4
10006 968 2 1913100 1913400 5
10006 1 2 1913400 2003400 3
10006 1 1 2003400 2004000 2
10006 1 3 2004000 2004900 2
10006 9910006 1 2004900 2047200 1
10006 1 1 2047200 2047800 2
10006 1 3 2047800 2048700 2
10006 969 1 2048700 2049600 4
10006 969 2 2049600 2049900 5
10006 1 2 2049900 2139900 3
10006 1 1 2139900 2140500 2
10006 1 3 2140500 2141400 2
10006 9910006 1 2141400 2183700 1
10006 1 1 2183700 2184300 2
10006 1 3 2184300 2185200 2
10006 969 1 2185200 2186100 4
10006 969 2 2186100 2186400 5
10006 968 1 2186400 2187300 4
10006 968 2 2187300 2187600 5
10006 1 2 2187600 2277600 3
10006 1 1 2277600 2278200 2
10006 1 3 2278200 2279100 2
10006 9910006 1 2279100 2321400 1
10006 1 1 2321400 2322000 2
10006 1 3 2322000 2322900 2
10006 968 1 2322900 2323800 4
10006 968 2 2323800 2324100 5
10006 968 1 2324100 2325000 4
10006 968 2 2325000 2325300 5
10006 968 1 2325300 2326200 4
10006 968 2 2326200 2326500 5
10006 969 1 2326500 2327400 4
10006 969 2 2327400 2327700 5
10006 968 1 2327700 2328600 4
10006 968 2 2328600 2328900 5
10006 1 2 2328900 2418900 3
10006 1 1 2418900 2419500 2
10006 1 3 2419500 2420400 2
10006 9910006 1 2420400 2462700 1
10006 1 1 2462700 2463300 2
10006 1 3 2463300 2464200 2
10006 968 1 2464200 2465100 4
10006 968 2 2465100 2465400 5
10006 969 1 2465400 2466300 4
10006 969 2 2466300 2466600 5
10006 968 1 2466600 2467500 4
10006 968 2 2467500 2467800 5
10006 1 2 2467800 2557800 3
10006 1 1 2557800 2558400 2
10006 1 3 2558400 2559300 2
10006 9910006 1 2559300 2601600 1
10006 1 1 2601600 2602200 2
10006 1 3 2602200 2603100 2
10006 969 1 2603100 2604000 4
10006 969 2 2604000 2604300 5
10006 968 1 2604300 2605200 4
10006 968 2 2605200 2605500 5
10006 969 1 2605500 2606400 4
10006 969 2 2606400 2606700 5
10006 90400 1 2606700 2607300 6
10006 969 1 2607300 2608200 4
10006 969 2 2608200 2608500 5
10006 1 2 2608500 2698500 3
10006 1 1 2698500 2699100 2
10006 1 3 2699100 2700000 2
10007 9910007 1 0 65700 1
10007 1 1 65700 66300 2
10007 1 3 66300 67200 2
10007 971 1 67200 68100 4
10007 971 2 68100 68400 5
10007 1 2 68400 158400 3
10007 1 1 158400 159000 2
10007 1 3 159000 159900 2
10007 9910007 1 159900 202200 1
10007 1 1 202200 202800 2
10007 1 3 202800 203700 2
10007 970 1 203700 204600 4
10007 970 2 204600 204900 5
10007 1 2 204900 294900 3
10007 1 1 294900 295500 2
10007 1 3 295500 296400 2
10007 9910007 1 296400 338700 1
10007 1 1 338700 339300 2
10007 1 3 339300 340200 2
10007 971 1 340200 341100 4
10007 971 2 341100 341400 5
10007 1 2 341400 431400 3
10007 1 1 431400 432000 2
10007 1 3 432000 432900 2
10007 9910007 1 432900 475200 1
10007 1 1 475200 475800 2
10007 1 3 475800 476700 2
10007 971 1 476700 477600 4
10007 971 2 477600 477900 5
10007 1 2 477900 567900 3
10007 1 1 567900 568500 2
10007 1 3 568500 569400 2
10007 9910007 1 569400 611700 1
10007 1 1 611700 612300 2
10007 1 3 612300 613200 2
10007 971 1 613200 614100 4
10007 971 2 614100 614400 5
10007 1 2 614400 704400 3
10007 1 1 704400 705000 2
10007 1 3 705000 705900 2
10007 9910007 1 705900 748200 1
10007 1 1 748200 748800 2
10007 1 3 748800 749700 2
10007 971 1 749700 750600 4
10007 971 2 750600 750900 5
10007 971 1 750900 751800 4
10007 971 2 751800 752100 5
10007 970 1 752100 753000 4
10007 970 2 753000 753300 5
10007 970 1 753300 754200 4
10007 970 2 754200 754500 5
10007 970 1 754500 755400 4
10007 970 2 755400 755700 5
10007 90400 1 755700 756300 6
10007 970 1 756300 757200 4
10007 970 2 757200 757500 5
10007 971 1 757500 758400 4
10007 971 2 758400 758700 5
10007 1 2 758700 848700 3
10007 1 1 848700 849300 2
10007 1 3 849300 850200 2
10007 9910007 1 850200 892500 1
10007 1 1 892500 893100 2
10007 1 3 893100 894000 2
10007 971 1 894000 894900 4
10007 971 2 894900 895200 5
10007 970 1 895200 896100 4
10007 970 2 896100 896400 5
10007 971 1 896400 897300 4
10007 971 2 897300 897600 5
10007 1 2 897600 987600 3
10007 1 1 987600 988200 2
10007 1 3 988200 989100 2
10007 9910007 1 989100 1031400 1
10007 1 1 1031400 1032000 2
10007 1 3 1032000 1032900 2
10007 971 1 1032900 1033800 4
10007 971 2 1033800 1034100 5
10007 90400 1 1034100 1034700 6
10007 971 1 1034700 1035600 4
10007 971 2 1035600 1035900 5
10007 1 2 1035900 1125900 3
10007 1 1 1125900 1126500 2
10007 1 3 1126500 1127400 2
10007 9910007 1 1127400 1169700 1
10007 1 1 1169700 1170300 2
10007 1 3 1170300 1171200 2
10007 971 1 1171200 1172100 4
10007 971 2 1172100 1172400 5
10007 90400 1 1172400 1173000 6
10007 971 1 1173000 1173900 4
10007 971 2 1173900 1174200 5
10007 1 2 1174200 1264200 3
10007 1 1 1264200 1264800 2
10007 1 3 1264800 1265700 2
10007 9910007 1 1265700 1308000 1
10007 1 1 1308000 1308600 2
10007 1 3 1308600 1309500 2
10007 970 1 1309500 1310400 4
10007 970 2 1310400 1310700 5
10007 971 1 1310700 1311600 4
10007 971 2 1311600 1311900 5
10007 1 2 1311900 1401900 3
10007 1 1 1401900 1402500 2
10007 1 3 1402500 1403400 2
10007 9910007 1 1403400 1445700 1
10007 1 1 1445700 1446300 2
10007 1 3 1446300 1447200 2
10007 971 1 1447200 1448100 4
10007 971 2 1448100 1448400 5
10007 971 1 1448400 1449300 4
10007 971 2 1449300 1449600 5
10007 970 1 1449600 1450500 4
10007 970 2 1450500 1450800 5
10007 971 1 1450800 1451700 4
10007 971 2 1451700 1452000 5
10007 1 2 1452000 1542000 3
10007 1 1 1542000 1542600 2
10007 1 3 1542600 1543500 2
10007 9910007 1 1543500 1585800 1
10007 1 1 1585800 1586400 2
10007 1 3 1586400 1587300 2
10007 970 1 1587300 1588200 4
10007 970 2 1588200 1588500 5
10007 970 1 1588500 1589400 4
10007 970 2 1589400 1589700 5
10007 1 2 1589700 1679700 3
10007 1 1 1679700 1680300 2
10007 1 3 1680300 1681200 2
10007 9910007 1 1681200 1723500 1
10007 1 1 1723500 1724100 2
10007 1 3 1724100 1725000 2
10007 971 1 1725000 1725900 4
10007 971 2 1725900 1726200 5
10007 1 2 1726200 1816200 3
10007 1 1 1816200 1816800 2
10007 1 3 1816800 1817700 2
10007 9910007 1 1817700 1860000 1
10007 1 1 1860000 1860600 2
10007 1 3 1860600 1861500 2
10007 970 1 1861500 1862400 4
10007 970 2 1862400 1862700 5
10007 1 2 1862700 1952700 3
10007 1 1 1952700 1953300 2
10007 1 3 1953300 1954200 2
10007 9910007 1 1954200 1996500 1
10007 1 1 1996500 1997100 2
10007 1 3 1997100 1998000 2
10007 971 1 1998000 1998900 4
10007 971 2 1998900 1999200 5
10007 971 1 1999200 2000100 4
10007 971 2 2000100 2000400 5
10007 1 2 2000400 2090400 3
10007 1 1 2090400 2091000 2
10007 1 3 2091000 2091900 2
10007 9910007 1 2091900 2134200 1
10007 1 1 2134200 2134800 2
10007 1 3 2134800 2135700 2
10007 971 1 2135700 2136600 4
10007 971 2 2136600 2136900 5
10007 971 1 2136900 2137800 4
10007 971 2 2137800 2138100 5
10007 971 1 2138100 2139000 4
10007 971 2 2139000 2139300 5
10007 971 1 2139300 2140200 4
10007 971 2 2140200 2140500 5
10007 970 1 2140500 2141400 4
10007 970 2 2141400 2141700 5
10007 970 1 2141700 2142600 4
10007 970 2 2142600 2142900 5
10007 970 1 2142900 2143800 4
10007 970 2 2143800 2144100 5
10007 90400 1 2144100 2144700 6
10007 970 1 2144700 2145600 4
10007 970 2 2145600 2145900 5
10007 1 2 2145900 2235900 3
10007 1 1 2235900 2236500 2
10007 1 3 2236500 2237400 2
10007 9910007 1 2237400 2279700 1
10007 1 1 2279700 2280300 2
10007 1 3 2280300 2281200 2
10007 970 1 2281200 2282100 4
10007 970 2 2282100 2282400 5
10007 970 1 2282400 2283300 4
10007 970 2 2283300 2283600 5
10007 1 2 2283600 2373600 3
10007 1 1 2373600 2374200 2
10007 1 3 2374200 2375100 2
10007 9910007 1 2375100 2417400 1
10007 1 1 2417400 2418000 2
10007 1 3 2418000 2418900 2
10007 971 1 2418900 2419800 4
10007 971 2 2419800 2420100 5
10007 970 1 2420100 2421000 4
10007 970 2 2421000 2421300 5
10007 970 1 2421300 2422200 4
10007 970 2 2422200 2422500 5
10007 1 2 2422500 2512500 3
10007 1 1 2512500 2513100 2
10007 1 3 2513100 2514000 2
10007 9910007 1 2514000 2556300 1
10007 1 1 2556300 2556900 2
10007 1 3 2556900 2557800 2
10007 971 1 2557800 2558700 4
10007 971 2 2558700 2559000 5
10007 1 2 2559000 2649000 3
10007 1 1 2649000 2649600 2
10007 1 3 2649600 2650500 2
10008 9910008 1 0 65700 1
10008 1 1 65700 66300 2
10008 1 3 66300 67200 2
10008 973 1 67200 68100 4
10008 973 2 68100 68400 5
10008 973 1 68400 69300 4
10008 973 2 69300 69600 5
10008 972 1 69600 70500 4
10008 972 2 70500 70800 5
10008 1 2 70800 160800 3
10008 1 1 160800 161400 2
10008 1 3 161400 162300 2
10008 9910008 1 162300 204600 1
10008 1 1 204600 205200 2
10008 1 3 205200 206100 2
10008 973 1 206100 207000 4
10008 973 2 207000 207300 5
10008 972 1 207300 208200 4
10008 972 2 208200 208500 5
10008 1 2 208500 298500 3
10008 1 1 298500 299100 2
10008 1 3 299100 300000 2
10008 9910008 1 300000 342300 1
10008 1 1 342300 342900 2
10008 1 3 342900 343800 2
10008 972 1 343800 344700 4
10008 972 2 344700 345000 5
10008 973 1 345000 345900 4
10008 973 2 345900 346200 5
10008 1 2 346200 436200 3
10008 1 1 436200 436800 2
10008 1 3 436800 437700 2
10008 9910008 1 437700 480000 1
10008 1 1 480000 480600 2
10008 1 3 480600 481500 2
10008 973 1 481500 482400 4
10008 973 2 482400 482700 5
10008 972 1 482700 483600 4
10008 972 2 483600 483900 5
10008 1 2 483900 573900 3
10008 1 1 573900 574500 2
10008 1 3 574500 575400 2
10008 9910008 1 575400 617700 1
10008 1 1 617700 618300 2
10008 1 3 618300 619200 2
10008 973 1 619200 620100 4
10008 973 2 620100 620400 5
10008 973 1 620400 621300 4
10008 973 2 621300 621600 5
10008 1 2 621600 711600 3
10008 1 1 711600 712200 2
10008 1 3 712200 713100 2
10008 9910008 1 713100 755400 1
10008 1 1 755400 756000 2
10008 1 3 756000 756900 2
10008 973 1 756900 757800 4
10008 973 2 757800 758100 5
10008 973 1 758100 759000 4
10008 973 2 759000 759300 5
10008 972 1 759300 760200 4
10008 972 2 760200 760500 5
10008 90400 1 760500 761100 6
10008 972 1 761100 762000 4
10008 972 2 762000 762300 5
10008 972 1 762300 763200 4
10008 972 2 763200 763500 5
10008 972 1 763500 764400 4
10008 972 2 764400 764700 5
10008 1 2 764700 854700 3
10008 1 1 854700 855300 2
10008 1 3 855300 856200 2
10008 9910008 1 856200 898500 1
10008 1 1 898500 899100 2
10008 1 3 899100 900000 2
10008 972 1 900000 900900 4
10008 972 2 900900 901200 5
10008 90400 1 901200 901800 6
10008 972 1 901800 902700 4
10008 972 2 902700 903000 5
10008 973 1 903000 903900 4
10008 973 2 903900 904200 5
10008 973 1 904200 905100 4
10008 973 2 905100 905400 5
10008 90400 1 905400 906000 6
10008 973 1 906000 906900 4
10008 973 2 906900 907200 5
10008 1 2 907200 997200 3
10008 1 1 997200 997800 2
10008 1 3 997800 998700 2
10008 9910008 1 998700 1041000 1
10008 1 1 1041000 1041600 2
10008 1 3 1041600 1042500 2
10008 972 1 1042500 1043400 4
10008 972 2 1043400 1043700 5
10008 90400 1 1043700 1044300 6
10008 972 1 1044300 1045200 4
10008 972 2 1045200 1045500 5
10008 1 2 1045500 1135500 3
10008 1 1 1135500 1136100 2
10008 1 3 1136100 1137000 2
10008 9910008 1 1137000 1179300 1
10008 1 1 1179300 1179900 2
10008 1 3 1179900 1180800 2
10008 972 1 1180800 1181700 4
10008 972 2 1181700 1182000 5
10008 973 1 1182000 1182900 4
10008 973 2 1182900 1183200 5
10008 1 2 1183200 1273200 3
10008 1 1 1273200 1273800 2
10008 1 3 1273800 1274700 2
10008 9910008 1 1274700 1317000 1
10008 1 1 1317000 1317600 2
10008 1 3 1317600 1318500 2
10008 973 1 1318500 1319400 4
10008 973 2 1319400 1319700 5
10008 972 1 1319700 1320600 4
10008 972 2 1320600 1320900 5
10008 1 2 1320900 1410900 3
10008 1 1 1410900 1411500 2
10008 1 3 1411500 1412400 2
10008 9910008 1 1412400 1454700 1
10008 1 1 1454700 1455300 2
10008 1 3 1455300 1456200 2
10008 972 1 1456200 1457100 4
10008 972 2 1457100 1457400 5
10008 1 2 1457400 1547400 3
10008 1 1 1547400 1548000 2
10008 1 3 1548000 1548900 2
10008 9910008 1 1548900 1591200 1
10008 1 1 1591200 1591800 2
10008 1 3 1591800 1592700 2
10008 973 1 1592700 1593600 4
10008 973 2 1593600 1593900 5
10008 973 1 1593900 1594800 4
10008 973 2 1594800 1595100 5
10008 1 2 1595100 1685100 3
10008 1 1 1685100 1685700 2
10008 1 3 1685700 1686600 2
10008 9910008 1 1686600 1728900 1
10008 1 1 1728900 1729500 2
10008 1 3 1729500 1730400 2
10008 973 1 1730400 1731300 4
10008 973 2 1731300 1731600 5
10008 973 1 1731600 1732500 4
10008 973 2 1732500 1732800 5
10008 1 2 1732800 1822800 3
10008 1 1 1822800 1823400 2
10008 1 3 1823400 1824300 2
10008 9910008 1 1824300 1866600 1
10008 1 1 1866600 1867200 2
10008 1 3 1867200 1868100 2
10008 973 1 1868100 1869000 4
10008 973 2 1869000 1869300 5
10008 973 1 1869300 1870200 4
10008 973 2 1870200 1870500 5
10008 1 2 1870500 1960500 3
10008 1 1 1960500 1961100 2
10008 1 3 1961100 1962000 2
10008 9910008 1 1962000 2004300 1
10008 1 1 2004300 2004900 2
10008 1 3 2004900 2005800 2
10008 973 1 2005800 2006700 4
10008 973 2 2006700 2007000 5
10008 1 2 2007000 2097000 3
10008 1 1 2097000 2097600 2
10008 1 3 2097600 2098500 2
10008 9910008 1 2098500 2140800 1
10008 1 1 2140800 2141400 2
10008 1 3 2141400 2142300 2
10008 973 1 2142300 2143200 4
10008 973 2 2143200 2143500 5
10008 1 2 2143500 2233500 3
10008 1 1 2233500 2234100 2
10008 1 3 2234100 2235000 2
10008 9910008 1 2235000 2277300 1
10008 1 1 2277300 2277900 2
10008 1 3 2277900 2278800 2
10008 973 1 2278800 2279700 4
10008 973 2 2279700 2280000 5
10008 1 2 2280000 2370000 3
10008 1 1 2370000 2370600 2
10008 1 3 2370600 2371500 2
10008 9910008 1 2371500 2413800 1
10008 1 1 2413800 2414400 2
10008 1 3 2414400 2415300 2
10008 973 1 2415300 2416200 4
10008 973 2 2416200 2416500 5
10008 1 2 2416500 2506500 3
10008 1 1 2506500 2507100 2
10008 1 3 2507100 2508000 2
10008 9910008 1 2508000 2550300 1
10008 1 1 2550300 2550900 2
10008 1 3 2550900 2551800 2
10008 973 1 2551800 2552700 4
10008 973 2 2552700 2553000 5
10008 1 2 2553000 2643000 3
10008 1 1 2643000 2643600 2
10008 1 3 2643600 2644500 2
10009 9910009 1 0 65700 1
10009 1 1 65700 66300 2
10009 1 3 66300 67200 2
10009 975 1 67200 68100 4
10009 975 2 68100 68400 5
10009 974 1 68400 69300 4
10009 974 2 69300 69600 5
10009 975 1 69600 70500 4
10009 975 2 70500 70800 5
10009 1 2 70800 160800 3
10009 1 1 160800 161400 2
10009 1 3 161400 162300 2
10009 9910009 1 162300 204600 1
10009 1 1 204600 205200 2
10009 1 3 205200 206100 2
10009 975 1 206100 207000 4
10009 975 2 207000 207300 5
10009 1 2 207300 297300 3
10009 1 1 297300 297900 2
10009 1 3 297900 298800 2
10009 9910009 1 298800 341100 1
10009 1 1 341100 341700 2
10009 1 3 341700 342600 2
10009 974 1 342600 343500 4
10009 974 2 343500 343800 5
10009 975 1 343800 344700 4
10009 975 2 344700 345000 5
10009 975 1 345000 345900 4
10009 975 2 345900 346200 5
10009 1 2 346200 436200 3
10009 1 1 436200 436800 2
10009 1 3 436800 437700 2
10009 9910009 1 437700 480000 1
10009 1 1 480000 480600 2
10009 1 3 480600 481500 2
10009 975 1 481500 482400 4
10009 975 2 482400 482700 5
10009 1 2 482700 572700 3
10009 1 1 572700 573300 2
10009 1 3 573300 574200 2
10009 9910009 1 574200 616500 1
10009 1 1 616500 617100 2
10009 1 3 617100 618000 2
10009 974 1 618000 618900 4
10009 974 2 618900 619200 5
10009 974 1 619200 620100 4
10009 974 2 620100 620400 5
10009 974 1 620400 621300 4
10009 974 2 621300 621600 5
10009 90400 1 621600 622200 6
10009 974 1 622200 623100 4
10009 974 2 623100 623400 5
10009 1 2 623400 713400 3
10009 1 1 713400 714000 2
10009 1 3 714000 714900 2
10009 9910009 1 714900 757200 1
10009 1 1 757200 757800 2
10009 1 3 757800 758700 2
10009 975 1 758700 759600 4
10009 975 2 759600 759900 5
10009 974 1 759900 760800 4
10009 974 2 760800 761100 5
10009 1 2 761100 851100 3
10009 1 1 851100 851700 2
10009 1 3 851700 852600 2
10009 9910009 1 852600 894900 1
10009 1 1 894900 895500 2
10009 1 3 895500 896400 2
10009 975 1 896400 897300 4
10009 975 2 897300 897600 5
10009 1 2 897600 987600 3
10009 1 1 987600 988200 2
10009 1 3 988200 989100 2
10009 9910009 1 989100 1031400 1
10009 1 1 1031400 1032000 2
10009 1 3 1032000 1032900 2
10009 975 1 1032900 1033800 4
10009 975 2 1033800 1034100 5
10009 90400 1 1034100 1034700 6
10009 975 1 1034700 1035600 4
10009 975 2 1035600 1035900 5
10009 974 1 1035900 1036800 4
10009 974 2 1036800 1037100 5
10009 975 1 1037100 1038000 4
10009 975 2 1038000 1038300 5
10009 1 2 1038300 1128300 3
10009 1 1 1128300 1128900 2
10009 1 3 1128900 1129800 2
10009 9910009 1 1129800 1172100 1
10009 1 1 1172100 1172700 2
10009 1 3 1172700 1173600 2
10009 975 1 1173600 1174500 4
10009 975 2 1174500 1174800 5
10009 975 1 1174800 1175700 4
10009 975 2 1175700 1176000 5
10009 975 1 1176000 1176900 4
10009 975 2 1176900 1177200 5
10009 1 2 1177200 1267200 3
10009 1 1 1267200 1267800 2
10009 1 3 1267800 1268700 2
10009 9910009 1 1268700 1311000 1
10009 1 1 1311000 1311600 2
10009 1 3 1311600 1312500 2
10009 974 1 1312500 1313400 4
10009 974 2 1313400 1313700 5
10009 1 2 1313700 1403700 3
10009 1 1 1403700 1404300 2
10009 1 3 1404300 1405200 2
10009 9910009 1 1405200 1447500 1
10009 1 1 1447500 1448100 2
10009 1 3 1448100 1449000 2
10009 975 1 1449000 1449900 4
10009 975 2 1449900 1450200 5
10009 974 1 1450200 1451100 4
10009 974 2 1451100 1451400 5
10009 1 2 1451400 1541400 3
10009 1 1 1541400 1542000 2
10009 1 3 1542000 1542900 2
10009 9910009 1 1542900 1585200 1
10009 1 1 1585200 1585800 2
10009 1 3 1585800 1586700 2
10009 975 1 1586700 1587600 4
10009 975 2 1587600 1587900 5
10009 975 1 1587900 1588800 4
10009 975 2 1588800 1589100 5
10009 975 1 1589100 1590000 4
10009 975 2 1590000 1590300 5
10009 90400 1 1590300 1590900 6
10009 975 1 1590900 1591800 4
10009 975 2 1591800 1592100 5
10009 1 2 1592100 1682100 3
10009 1 1 1682100 1682700 2
10009 1 3 1682700 1683600 2
10009 9910009 1 1683600 1725900 1
10009 1 1 1725900 1726500 2
10009 1 3 1726500 1727400 2
10009 975 1 1727400 1728300 4
10009 975 2 1728300 1728600 5
10009 974 1 1728600 1729500 4
10009 974 2 1729500 1729800 5
10009 974 1 1729800 1730700 4
10009 974 2 1730700 1731000 5
10009 90400 1 1731000 1731600 6
10009 974 1 1731600 1732500 4
10009 974 2 1732500 1732800 5
10009 1 2 1732800 1822800 3
10009 1 1 1822800 1823400 2
10009 1 3 1823400 1824300 2
10009 9910009 1 1824300 1866600 1
10009 1 1 1866600 1867200 2
10009 1 3 1867200 1868100 2
10009 974 1 1868100 1869000 4
10009 974 2 1869000 1869300 5
10009 1 2 1869300 1959300 3
10009 1 1 1959300 1959900 2
10009 1 3 1959900 1960800 2
10009 9910009 1 1960800 2003100 1
10009 1 1 2003100 2003700 2
10009 1 3 2003700 2004600 2
10009 974 1 2004600 2005500 4
10009 974 2 2005500 2005800 5
10009 1 2 2005800 2095800 3
10009 1 1 2095800 2096400 2
10009 1 3 2096400 2097300 2
10009 9910009 1 2097300 2139600 1
10009 1 1 2139600 2140200 2
10009 1 3 2140200 2141100 2
10009 974 1 2141100 2142000 4
10009 974 2 2142000 2142300 5
10009 974 1 2142300 2143200 4
10009 974 2 2143200 2143500 5
10009 1 2 2143500 2233500 3
10009 1 1 2233500 2234100 2
10009 1 3 2234100 2235000 2
10009 9910009 1 2235000 2277300 1
10009 1 1 2277300 2277900 2
10009 1 3 2277900 2278800 2
10009 975 1 2278800 2279700 4
10009 975 2 2279700 2280000 5
10009 1 2 2280000 2370000 3
10009 1 1 2370000 2370600 2
10009 1 3 2370600 2371500 2
10009 9910009 1 2371500 2413800 1
10009 1 1 2413800 2414400 2
10009 1 3 2414400 2415300 2
10009 975 1 2415300 2416200 4
10009 975 2 2416200 2416500 5
10009 1 2 2416500 2506500 3
10009 1 1 2506500 2507100 2
10009 1 3 2507100 2508000 2
10009 9910009 1 2508000 2550300 1
10009 1 1 2550300 2550900 2
10009 1 3 2550900 2551800 2
10009 975 1 2551800 2552700 4
10009 975 2 2552700 2553000 5
10009 1 2 2553000 2643000 3
10009 1 1 2643000 2643600 2
10009 1 3 2643600 2644500 2
10010 9910010 1 0 65700 1
10010 1 1 65700 66300 2
10010 1 3 66300 67200 2
10010 977 1 67200 68100 4
10010 977 2 68100 68400 5
10010 1 2 68400 158400 3
10010 1 1 158400 159000 2
10010 1 3 159000 159900 2
10010 9910010 1 159900 202200 1
10010 1 1 202200 202800 2
10010 1 3 202800 203700 2
10010 976 1 203700 204600 4
10010 976 2 204600 204900 5
10010 976 1 204900 205800 4
10010 976 2 205800 206100 5
10010 976 1 206100 207000 4
10010 976 2 207000 207300 5
10010 1 2 207300 297300 3
10010 1 1 297300 297900 2
10010 1 3 297900 298800 2
10010 9910010 1 298800 341100 1
10010 1 1 341100 341700 2
10010 1 3 341700 342600 2
10010 977 1 342600 343500 4
10010 977 2 343500 343800 5
10010 1 2 343800 433800 3
10010 1 1 433800 434400 2
10010 1 3 434400 435300 2
10010 9910010 1 435300 477600 1
10010 1 1 477600 478200 2
10010 1 3 478200 479100 2
10010 977 1 479100 480000 4
10010 977 2 480000 480300 5
10010 1 2 480300 570300 3
10010 1 1 570300 570900 2
10010 1 3 570900 571800 2
10010 9910010 1 571800 614100 1
10010 1 1 614100 614700 2
10010 1 3 614700 615600 2
10010 977 1 615600 616500 4
10010 977 2 616500 616800 5
10010 976 1 616800 617700 4
10010 976 2 617700 618000 5
10010 1 2 618000 708000 3
10010 1 1 708000 708600 2
10010 1 3 708600 709500 2
10010 9910010 1 709500 751800 1
10010 1 1 751800 752400 2
10010 1 3 752400 753300 2
10010 976 1 753300 754200 4
10010 976 2 754200 754500 5
10010 976 1 754500 755400 4
10010 976 2 755400 755700 5
10010 90400 1 755700 756300 6
10010 976 1 756300 757200 4
10010 976 2 757200 757500 5
10010 976 1 757500 758400 4
10010 976 2 758400 758700 5
10010 976 1 758700 759600 4
10010 976 2 759600 759900 5
10010 1 2 759900 849900 3
10010 1 1 849900 850500 2
10010 1 3 850500 851400 2
10010 9910010 1 851400 893700 1
10010 1 1 893700 894300 2
10010 1 3 894300 895200 2
10010 976 1 895200 896100 4
10010 976 2 896100 896400 5
10010 1 2 896400 986400 3
10010 1 1 986400 987000 2
10010 1 3 987000 987900 2
10010 9910010 1 987900 1030200 1
10010 1 1 1030200 1030800 2
10010 1 3 1030800 1031700 2
10010 977 1 1031700 1032600 4
10010 977 2 1032600 1032900 5
10010 976 1 1032900 1033800 4
10010 976 2 1033800 1034100 5
10010 1 2 1034100 1124100 3
10010 1 1 1124100 1124700 2
10010 1 3 1124700 1125600 2
10010 9910010 1 1125600 1167900 1
10010 1 1 1167900 1168500 2
10010 1 3 1168500 1169400 2
10010 976 1 1169400 1170300 4
10010 976 2 1170300 1170600 5
10010 1 2 1170600 1260600 3
10010 1 1 1260600 1261200 2
10010 1 3 1261200 1262100 2
10010 9910010 1 1262100 1304400 1
10010 1 1 1304400 1305000 2
10010 1 3 1305000 1305900 2
10010 977 1 1305900 1306800 4
10010 977 2 1306800 1307100 5
10010 1 2 1307100 1397100 3
10010 1 1 1397100 1397700 2
10010 1 3 1397700 1398600 2
10010 9910010 1 1398600 1440900 1
10010 1 1 1440900 1441500 2
10010 1 3 1441500 1442400 2
10010 977 1 1442400 1443300 4
10010 977 2 1443300 1443600 5
10010 1 2 1443600 1533600 3
10010 1 1 1533600 1534200 2
10010 1 3 1534200 1535100 2
10010 9910010 1 1535100 1577400 1
10010 1 1 1577400 1578000 2
10010 1 3 1578000 1578900 2
10010 976 1 1578900 1579800 4
10010 976 2 1579800 1580100 5
10010 977 1 1580100 1581000 4
10010 977 2 1581000 1581300 5
10010 977 1 1581300 1582200 4
10010 977 2 1582200 1582500 5
10010 1 2 1582500 1672500 3
10010 1 1 1672500 1673100 2
10010 1 3 1673100 1674000 2
10010 9910010 1 1674000 1716300 1
10010 1 1 1716300 1716900 2
10010 1 3 1716900 1717800 2
10010 977 1 1717800 1718700 4
10010 977 2 1718700 1719000 5
10010 976 1 1719000 1719900 4
10010 976 2 1719900 1720200 5
10010 90400 1 1720200 1720800 6
10010 976 1 1720800 1721700 4
10010 976 2 1721700 1722000 5
10010 977 1 1722000 1722900 4
10010 977 2 1722900 1723200 5
10010 1 2 1723200 1813200 3
10010 1 1 1813200 1813800 2
10010 1 3 1813800 1814700 2
10010 9910010 1 1814700 1857000 1
10010 1 1 1857000 1857600 2
10010 1 3 1857600 1858500 2
10010 977 1 1858500 1859400 4
10010 977 2 1859400 1859700 5
10010 976 1 1859700 1860600 4
10010 976 2 1860600 1860900 5
10010 977 1 1860900 1861800 4
10010 977 2 1861800 1862100 5
10010 1 2 1862100 1952100 3
10010 1 1 1952100 1952700 2
10010 1 3 1952700 1953600 2
10010 9910010 1 1953600 1995900 1
10010 1 1 1995900 1996500 2
10010 1 3 1996500 1997400 2
10010 976 1 1997400 1998300 4
10010 976 2 1998300 1998600 5
10010 1 2 1998600 2088600 3
10010 1 1 2088600 2089200 2
10010 1 3 2089200 2090100 2
10010 9910010 1 2090100 2132400 1
10010 1 1 2132400 2133000 2
10010 1 3 2133000 2133900 2
10010 977 1 2133900 2134800 4
10010 977 2 2134800 2135100 5
10010 1 2 2135100 2225100 3
10010 1 1 2225100 2225700 2
10010 1 3 2225700 2226600 2
10010 9910010 1 2226600 2268900 1
10010 1 1 2268900 2269500 2
10010 1 3 2269500 2270400 2
10010 977 1 2270400 2271300 4
10010 977 2 2271300 2271600 5
10010 1 2 2271600 2361600 3
10010 1 1 2361600 2362200 2
10010 1 3 2362200 2363100 2
10010 9910010 1 2363100 2405400 1
10010 1 1 2405400 2406000 2
10010 1 3 2406000 2406900 2
10010 976 1 2406900 2407800 4
10010 976 2 2407800 2408100 5
10010 977 1 2408100 2409000 4
10010 977 2 2409000 2409300 5
10010 1 2 2409300 2499300 3
10010 1 1 2499300 2499900 2
10010 1 3 2499900 2500800 2
10010 9910010 1 2500800 2543100 1
10010 1 1 2543100 2543700 2
10010 1 3 2543700 2544600 2
10010 976 1 2544600 2545500 4
10010 976 2 2545500 2545800 5
10010 976 1 2545800 2546700 4
10010 976 2 2546700 2547000 5
10010 90400 1 2547000 2547600 6
10010 976 1 2547600 2548500 4
10010 976 2 2548500 2548800 5
10010 977 1 2548800 2549700 4
10010 977 2 2549700 2550000 5
10010 1 2 2550000 2640000 3
10010 1 1 2640000 2640600 2
10010 1 3 2640600 2641500 2
10011 9910011 1 0 65700 1
10011 1 1 65700 66300 2
10011 1 3 66300 67200 2
10011 978 1 67200 68100 4
10011 978 2 68100 68400 5
10011 1 2 68400 158400 3
10011 1 1 158400 159000 2
10011 1 3 159000 159900 2
10011 9910011 1 159900 202200 1
10011 1 1 202200 202800 2
10011 1 3 202800 203700 2
10011 979 1 203700 204600 4
10011 979 2 204600 204900 5
10011 978 1 204900 205800 4
10011 978 2 205800 206100 5
10011 979 1 206100 207000 4
10011 979 2 207000 207300 5
10011 1 2 207300 297300 3
10011 1 1 297300 297900 2
10011 1 3 297900 298800 2
10011 9910011 1 298800 341100 1
10011 1 1 341100 341700 2
10011 1 3 341700 342600 2
10011 979 1 342600 343500 4
10011 979 2 343500 343800 5
10011 978 1 343800 344700 4
10011 978 2 344700 345000 5
10011 979 1 345000 345900 4
10011 979 2 345900 346200 5
10011 979 1 346200 347100 4
10011 979 2 347100 347400 5
10011 1 2 347400 437400 3
10011 1 1 437400 438000 2
10011 1 3 438000 438900 2
10011 9910011 1 438900 481200 1
10011 1 1 481200 481800 2
10011 1 3 481800 482700 2
10011 979 1 482700 483600 4
10011 979 2 483600 483900 5
10011 90400 1 483900 484500 6
10011 979 1 484500 485400 4
10011 979 2 485400 485700 5
10011 1 2 485700 575700 3
10011 1 1 575700 576300 2
10011 1 3 576300 577200 2
10011 9910011 1 577200 619500 1
10011 1 1 619500 620100 2
10011 1 3 620100 621000 2
10011 978 1 621000 621900 4
10011 978 2 621900 622200 5
10011 979 1 622200 623100 4
10011 979 2 623100 623400 5
10011 978 1 623400 624300 4
10011 978 2 624300 624600 5
10011 979 1 624600 625500 4
10011 979 2 625500 625800 5
10011 1 2 625800 715800 3
10011 1 1 715800 716400 2
10011 1 3 716400 717300 2
10011 9910011 1 717300 759600 1
10011 1 1 759600 760200 2
10011 1 3 760200 761100 2
10011 978 1 761100 762000 4
10011 978 2 762000 762300 5
10011 90400 1 762300 762900 6
10011 978 1 762900 763800 4
10011 978 2 763800 764100 5
10011 1 2 764100 854100 3
10011 1 1 854100 854700 2
10011 1 3 854700 855600 2
10011 9910011 1 855600 897900 1
10011 1 1 897900 898500 2
10011 1 3 898500 899400 2
10011 979 1 899400 900300 4
10011 979 2 900300 900600 5
10011 979 1 900600 901500 4
10011 979 2 901500 901800 5
10011 90400 1 901800 902400 6
10011 979 1 902400 903300 4
10011 979 2 903300 903600 5
10011 979 1 903600 904500 4
10011 979 2 904500 904800 5
10011 979 1 904800 905700 4
10011 979 2 905700 906000 5
10011 978 1 906000 906900 4
10011 978 2 906900 907200 5
10011 90400 1 907200 907800 6
10011 978 1 907800 908700 4
10011 978 2 908700 909000 5
10011 1 2 909000 999000 3
10011 1 1 999000 999600 2
10011 1 3 999600 1000500 2
10011 9910011 1 1000500 1042800 1
10011 1 1 1042800 1043400 2
10011 1 3 1043400 1044300 2
10011 978 1 1044300 1045200 4
10011 978 2 1045200 1045500 5
10011 1 2 1045500 1135500 3
10011 1 1 1135500 1136100 2
10011 1 3 1136100 1137000 2
10011 9910011 1 1137000 1179300 1
10011 1 1 1179300 1179900 2
10011 1 3 1179900 1180800 2
10011 978 1 1180800 1181700 4
10011 978 2 1181700 1182000 5
10011 978 1 1182000 1182900 4
10011 978 2 1182900 1183200 5
10011 1 2 1183200 1273200 3
10011 1 1 1273200 1273800 2
10011 1 3 1273800 1274700 2
10011 9910011 1 1274700 1317000 1
10011 1 1 1317000 1317600 2
10011 1 3 1317600 1318500 2
10011 978 1 1318500 1319400 4
10011 978 2 1319400 1319700 5
10011 1 2 1319700 1409700 3
10011 1 1 1409700 1410300 2
10011 1 3 1410300 1411200 2
10011 9910011 1 1411200 1453500 1
10011 1 1 1453500 1454100 2
10011 1 3 1454100 1455000 2
10011 979 1 1455000 1455900 4
10011 979 2 1455900 1456200 5
10011 978 1 1456200 1457100 4
10011 978 2 1457100 1457400 5
10011 1 2 1457400 1547400 3
10011 1 1 1547400 1548000 2
10011 1 3 1548000 1548900 2
10011 9910011 1 1548900 1591200 1
10011 1 1 1591200 1591800 2
10011 1 3 1591800 1592700 2
10011 979 1 1592700 1593600 4
10011 979 2 1593600 1593900 5
10011 978 1 1593900 1594800 4
10011 978 2 1594800 1595100 5
10011 1 2 1595100 1685100 3
10011 1 1 1685100 1685700 2
10011 1 3 1685700 1686600 2
10011 9910011 1 1686600 1728900 1
10011 1 1 1728900 1729500 2
10011 1 3 1729500 1730400 2
10011 979 1 1730400 1731300 4
10011 979 2 1731300 1731600 5
10011 979 1 1731600 1732500 4
10011 979 2 1732500 1732800 5
10011 1 2 1732800 1822800 3
10011 1 1 1822800 1823400 2
10011 1 3 1823400 1824300 2
10011 9910011 1 1824300 1866600 1
10011 1 1 1866600 1867200 2
10011 1 3 1867200 1868100 2
10011 979 1 1868100 1869000 4
10011 979 2 1869000 1869300 5
10011 979 1 1869300 1870200 4
10011 979 2 1870200 1870500 5
10011 90400 1 1870500 1871100 6
10011 979 1 1871100 1872000 4
10011 979 2 1872000 1872300 5
10011 1 2 1872300 1962300 3
10011 1 1 1962300 1962900 2
10011 1 3 1962900 1963800 2
10011 9910011 1 1963800 2006100 1
10011 1 1 2006100 2006700 2
10011 1 3 2006700 2007600 2
10011 979 1 2007600 2008500 4
10011 979 2 2008500 2008800 5
10011 979 1 2008800 2009700 4
10011 979 2 2009700 2010000 5
10011 979 1 2010000 2010900 4
10011 979 2 2010900 2011200 5
10011 978 1 2011200 2012100 4
10011 978 2 2012100 2012400 5
10011 978 1 2012400 2013300 4
10011 978 2 2013300 2013600 5
10011 978 1 2013600 2014500 4
10011 978 2 2014500 2014800 5
10011 1 2 2014800 2104800 3
10011 1 1 2104800 2105400 2
10011 1 3 2105400 2106300 2
10011 9910011 1 2106300 2148600 1
10011 1 1 2148600 2149200 2
10011 1 3 2149200 2150100 2
10011 978 1 2150100 2151000 4
10011 978 2 2151000 2151300 5
10011 1 2 2151300 2241300 3
10011 1 1 2241300 2241900 2
10011 1 3 2241900 2242800 2
10011 9910011 1 2242800 2285100 1
10011 1 1 2285100 2285700 2
10011 1 3 2285700 2286600 2
10011 979 1 2286600 2287500 4
10011 979 2 2287500 2287800 5
10011 90400 1 2287800 2288400 6
10011 979 1 2288400 2289300 4
10011 979 2 2289300 2289600 5
10011 1 2 2289600 2379600 3
10011 1 1 2379600 2380200 2
10011 1 3 2380200 2381100 2
10011 9910011 1 2381100 2423400 1
10011 1 1 2423400 2424000 2
10011 1 3 2424000 2424900 2
10011 979 1 2424900 2425800 4
10011 979 2 2425800 2426100 5
10011 979 1 2426100 2427000 4
10011 979 2 2427000 2427300 5
10011 1 2 2427300 2517300 3
10011 1 1 2517300 2517900 2
10011 1 3 2517900 2518800 2
10011 9910011 1 2518800 2561100 1
10011 1 1 2561100 2561700 2
10011 1 3 2561700 2562600 2
10011 978 1 2562600 2563500 4
10011 978 2 2563500 2563800 5
10011 1 2 2563800 2653800 3
10011 1 1 2653800 2654400 2
10011 1 3 2654400 2655300 2
